B = randMatrix(12, 24)
[6, 0, 0, 5, 4, 4, 4, 5, 6, 9, 0, 9, 2, 6, 0, 2, 4, 2, 1, 6, 3, 7, 7, 2]
[3, 9, 4, 7, 3, 9, 7, 6, 0, 6, 1, 9, 6, 6, 2, 7, 8, 9, 5, 2, 2, 1, 9, 5]

A = randMatrix(10, 20)
[1, 4, 6, 9, 2, 5, 8, 3, 6, 7, 2, 1, 9, 9, 6, 6, 6, 4, 4, 2]
[0, 0, 3, 1, 3, 5, 3, 9, 1, 6, 3, 0, 2, 8, 5, 7, 1, 6, 9, 1]
[2, 3, 5, 5, 6, 4, 6, 1, 6, 4, 6, 3, 0, 7, 5, 4, 1, 8, 0, 0]
[2, 7, 4, 2, 8, 1, 7, 0, 1, 6, 6, 0, 9, 5, 0, 9, 0, 7, 6, 1]
[5, 9, 8, 5, 3, 9, 6, 7, 4, 7, 9, 0, 2, 7, 9, 5, 4, 1, 9, 8]
[3, 9, 9, 3, 6, 3, 8, 8, 8, 0, 1, 4, 5, 1, 9, 9, 6, 5, 4, 0]
[2, 2, 2, 5, 1, 2, 7, 2, 3, 1, 0, 2, 7, 3, 3, 3, 9, 2, 5, 6]
[5, 0, 2, 9, 6, 9, 9, 5, 6, 9, 8, 4, 1, 0, 2, 7, 8, 5, 3, 7]
[2, 6, 2, 7, 8, 0, 5, 0, 0, 4, 1, 9, 2, 7, 1, 5, 6, 1, 4, 3]
[5, 8, 7, 9, 8, 8, 4, 8, 8, 3, 0, 8, 9, 4, 9, 1, 4, 9, 6, 1]

B = randMatrix(20, 30)
[7, 0, 1, 0, 2, 1, 9, 7, 8, 2, 7, 6, 3, 0, 1, 8, 9, 4, 0, 7, 9, 8, 2, 3, 0, 9, 1, 3, 3, 7]
[7, 9, 9, 1, 2, 2, 7, 3, 6, 3, 9, 4, 6, 3, 3, 4, 9, 0, 1, 7, 9, 2, 8, 7, 4, 9, 1, 3, 4, 0]
[4, 6, 8, 5, 5, 1, 7, 8, 4, 6, 2, 7, 1, 5, 8, 5, 5, 9, 5, 3, 9, 2, 7, 3, 9, 5, 4, 4, 0, 9]
[4, 4, 1, 0, 7, 4, 5, 2, 2, 9, 8, 8, 5, 2, 8, 1, 2, 9, 9, 6, 2, 1, 5, 1, 2, 4, 8, 1, 8, 9]
[3, 0, 9, 1, 3, 5, 0, 5, 6, 8, 2, 9, 9, 3, 1, 7, 5, 6, 4, 7, 1, 6, 9, 1, 3, 1, 7, 0, 9, 2]
[1, 4, 2, 7, 1, 5, 3, 1, 3, 9, 8, 1, 4, 5, 1, 4, 9, 3, 2, 1, 0, 4, 1, 7, 3, 7, 1, 6, 7, 4]
[1, 1, 3, 8, 2, 5, 0, 6, 4, 0, 7, 8, 5, 6, 5, 6, 5, 9, 9, 6, 7, 6, 5, 6, 5, 6, 8, 5, 7, 7]
[7, 5, 0, 4, 4, 8, 6, 4, 2, 4, 7, 6, 1, 5, 7, 5, 3, 0, 0, 4, 1, 5, 3, 9, 1, 4, 4, 3, 9, 1]
[5, 9, 3, 6, 2, 3, 2, 5, 4, 6, 9, 6, 8, 1, 7, 0, 7, 1, 0, 5, 6, 6, 5, 7, 7, 4, 3, 5, 6, 7]
[0, 9, 8, 8, 5, 3, 2, 3, 5, 4, 0, 2, 6, 8, 1, 0, 8, 0, 4, 8, 3, 4, 0, 1, 7, 1, 8, 1, 0, 1]
[1, 3, 3, 9, 2, 9, 5, 9, 7, 0, 4, 9, 5, 6, 5, 3, 1, 6, 6, 6, 0, 5, 3, 7, 4, 4, 9, 6, 0, 9]
[1, 1, 3, 5, 0, 5, 7, 8, 2, 6, 0, 5, 4, 7, 5, 8, 1, 7, 8, 4, 2, 4, 8, 8, 2, 6, 2, 9, 5, 6]
[3, 7, 8, 8, 3, 4, 8, 6, 1, 3, 6, 5, 1, 0, 4, 6, 9, 4, 5, 9, 9, 3, 7, 1, 7, 1, 2, 0, 8, 2]
[9, 2, 5, 8, 3, 5, 9, 7, 1, 7, 9, 9, 0, 3, 3, 7, 9, 0, 9, 1, 8, 2, 6, 9, 6, 9, 0, 1, 2, 4]
[4, 7, 6, 6, 4, 3, 2, 3, 2, 7, 5, 5, 7, 3, 5, 9, 4, 5, 4, 6, 0, 9, 5, 8, 2, 2, 1, 9, 8, 6]
[2, 4, 0, 9, 9, 8, 5, 1, 5, 1, 4, 9, 3, 7, 4, 0, 5, 2, 8, 1, 1, 8, 0, 2, 4, 6, 3, 6, 5, 0]
[0, 7, 5, 7, 0, 5, 1, 6, 4, 4, 0, 4, 1, 8, 1, 9, 8, 5, 3, 4, 7, 5, 4, 5, 9, 4, 1, 7, 9, 7]
[8, 1, 8, 7, 6, 9, 5, 8, 5, 9, 7, 4, 7, 4, 4, 6, 8, 7, 7, 3, 0, 5, 6, 0, 8, 5, 3, 8, 5, 8]
[4, 3, 4, 5, 9, 7, 1, 1, 2, 8, 1, 5, 0, 7, 3, 8, 7, 2, 8, 6, 1, 0, 7, 7, 4, 6, 1, 4, 7, 6]
[0, 0, 7, 8, 4, 9, 3, 6, 4, 9, 6, 0, 2, 4, 2, 6, 3, 2, 8, 1, 3, 9, 3, 0, 2, 0, 0, 0, 2, 8]

P = product(A, B)
[360, 480, 474, 602, 393, 471, 431, 462, 334, 522, 543, 584, 370, 422, 420, 467, 628, 411, 545, 482, 448, 425, 466, 449, 512, 459, 354, 374, 542, 502]
[300, 295, 313, 469, 350, 432, 300, 309, 243, 405, 359, 427, 241, 368, 285, 365, 444, 229, 398, 306, 194, 320, 307, 377, 333, 347, 242, 300, 389, 315]
[304, 295, 365, 436, 277, 379, 322, 405, 311, 410, 422, 484, 373, 322, 324, 350, 437, 357, 409, 345, 270, 360, 370, 354, 369, 375, 315, 341, 365, 422]
[300, 321, 447, 486, 358, 430, 358, 397, 343, 361, 403, 514, 334, 353, 293, 371, 522, 330, 469, 428, 341, 347, 409, 295, 414, 379, 331, 272, 390, 342]
[411, 519, 538, 667, 449, 585, 489, 528, 456, 607, 617, 635, 428, 530, 452, 580, 685, 418, 564, 541, 445, 539, 507, 600, 494, 563, 385, 455, 557, 599]
[396, 481, 467, 534, 378, 471, 421, 473, 386, 488, 527, 611, 422, 430, 454, 519, 592, 435, 448, 488, 429, 493, 520, 506, 471, 491, 325, 473, 606, 480]
[201, 281, 310, 402, 241, 344, 257, 323, 222, 349, 335, 356, 209, 294, 256, 381, 409, 293, 375, 319, 317, 312, 325, 288, 328, 290, 192, 259, 411, 373]
[269, 400, 416, 616, 380, 575, 363, 495, 439, 536, 503, 572, 453, 512, 392, 464, 568, 468, 538, 486, 322, 537, 399, 429, 453, 445, 449, 437, 559, 581]
[238, 257, 360, 366, 261, 355, 315, 360, 272, 390, 312, 451, 284, 348, 261, 398, 406, 325, 448, 354, 311, 305, 401, 323, 317, 360, 260, 267, 394, 349]
[492, 526, 583, 579, 423, 544, 534, 568, 414, 706, 643, 654, 505, 453, 505, 639, 721, 516, 540, 602, 466, 513, 643, 565, 525, 557, 372, 498, 717, 602]






product(randMatrix(3,3), randMatrix(3,3))
[0, 2, 4]
[3, 9, 6]
[2, 4, 7]

[0, 2, 4]
[3, 9, 6]
[2, 4, 7]

[14, 34, 40]
[39, 111, 108]
[26, 68, 81]