C = randMatrix(12, 24)
[6, 0, 0, 5, 4, 4, 4, 5, 6, 9, 0, 9, 2, 6, 0, 2, 4, 2, 1, 6, 3, 7, 7, 2]
[3, 9, 4, 7, 3, 9, 7, 6, 0, 6, 1, 9, 6, 6, 2, 7, 8, 9, 5, 2, 2, 1, 9, 5]
[7, 9, 8, 4, 7, 7, 8, 1, 2, 9, 0, 3, 6, 5, 7, 9, 5, 3, 5, 4, 8, 9, 1, 5]
[9, 1, 6, 6, 8, 4, 1, 8, 4, 9, 3, 3, 7, 1, 0, 4, 7, 1, 3, 7, 4, 0, 1, 5]
[1, 1, 5, 7, 4, 2, 2, 5, 6, 1, 6, 0, 3, 5, 1, 7, 5, 4, 1, 2, 3, 5, 9, 0]
[6, 3, 9, 8, 2, 1, 8, 9, 0, 0, 0, 4, 9, 4, 4, 0, 6, 7, 1, 4, 8, 0, 9, 0]
[9, 6, 1, 0, 1, 3, 2, 7, 4, 2, 4, 9, 3, 3, 3, 8, 2, 8, 5, 1, 3, 9, 8, 3]
[1, 0, 2, 6, 4, 1, 1, 9, 2, 0, 9, 9, 1, 2, 3, 2, 8, 5, 6, 9, 2, 6, 0, 0]
[2, 8, 7, 7, 6, 5, 7, 1, 3, 2, 8, 3, 7, 6, 3, 9, 7, 6, 3, 1, 3, 4, 6, 0]
[7, 4, 9, 0, 0, 0, 9, 8, 3, 1, 3, 3, 7, 7, 9, 7, 0, 6, 2, 4, 3, 9, 9, 0]
[3, 0, 8, 9, 5, 0, 8, 9, 8, 0, 2, 9, 5, 2, 0, 3, 7, 5, 2, 2, 8, 6, 3, 4]
[5, 9, 1, 9, 3, 7, 9, 2, 6, 7, 1, 7, 2, 5, 6, 9, 6, 1, 7, 9, 7, 8, 7, 8]

rref(C)
[1, 0, 0, 0, 0, 0, 0, 0, 0, 0, 0, 0, 6.188573958, -5.652767109, -9.275844734, -2.108315861, 0.483091146, -2.50772209, -2.838657373, -5.005305522, -8.030587393, -18.289642039, -3.082103394, 4.510139942]
[0, 1, 0, 0, 0, 0, 0, 0, 0, 0, 0, 0, -12.542001419, 12.247881403, 20.510413154, 4.822739257, -1.234044513, 5.988531738, 6.242559284, 10.795787387, 18.729363657, 40.003002067, 8.102615222, -10.015122652]
[0, 0, 1, 0, 0, 0, 0, 0, 0, 0, 0, 0, -21.54605665, 28.555489565, 36.073454202, 7.519223493, -3.034493997, 16.040783313, 6.504340816, 15.295125084, 34.442988694, 76.388824947, 24.417023153, -25.682713712]
[0, 0, 0, 1, 0, 0, 0, 0, 0, 0, 0, 0, -11.312141193, 14.191086296, 18.661362597, 3.372183906, -1.016200167, 7.48883282, 3.797420407, 9.171019717, 18.239430298, 38.639451002, 12.245158055, -12.72862956]
[0, 0, 0, 0, 1, 0, 0, 0, 0, 0, 0, 0, 24.962983525, -32.963105165, -41.356214171, -8.414951451, 3.910613211, -17.927940973, -7.392438218, -18.30755614, -38.490429695, -86.657797536, -29.265621929, 29.370370976]
[0, 0, 0, 0, 0, 1, 0, 0, 0, 0, 0, 0, 24.008104807, -25.154973508, -39.206277251, -7.280353723, 2.834974527, -11.801134859, -10.148236926, -20.893790768, -36.139509777, -77.870165007, -17.299521356, 22.149044696]
[0, 0, 0, 0, 0, 0, 1, 0, 0, 0, 0, 0, 21.398447944, -25.625915215, -34.169638031, -7.151864754, 2.690463063, -14.19479022, -7.220323953, -15.436312532, -32.818956975, -72.125583594, -21.325501866, 23.057645618]
[0, 0, 0, 0, 0, 0, 0, 1, 0, 0, 0, 0, 10.914281824, -15.074228529, -17.817573226, -3.384229606, 1.790790366, -8.289252265, -2.531618723, -7.0606448, -17.467169706, -38.867612578, -13.30547008, 14.110186141]
[0, 0, 0, 0, 0, 0, 0, 0, 1, 0, 0, 0, -2.18245841, 2.41696919, 2.85992443, 1.487457929, -0.491882534, 1.246166793, 0.601418024, 0.872989867, 3.021682497, 7.2309052, 2.418858702, -1.608500334]
[0, 0, 0, 0, 0, 0, 0, 0, 0, 1, 0, 0, -21.141840026, 24.933696689, 34.849113662, 6.968508377, -2.66047669, 12.124246363, 7.937742038, 17.74116901, 31.756223515, 70.678190592, 19.069045077, -21.528936586]
[0, 0, 0, 0, 0, 0, 0, 0, 0, 0, 1, 0, -2.455193133, 4.273277048, 4.670752484, 1.106051086, -0.333113898, 2.240345345, 0.651861516, 2.291883558, 3.623074986, 9.627247566, 3.905992158, -4.041149676]
[0, 0, 0, 0, 0, 0, 0, 0, 0, 0, 0, 1, -12.3609979401, 15.6003560208, 19.9514522278, 3.8286089392, -1.5133461865, 8.9054084489, 3.9665273069, 8.7913484577, 19.2424111984, 42.778188734, 12.9135781465, -14.0961596206]


----------------------


A = randMatrix(10, 20)
[1, 4, 6, 9, 2, 5, 8, 3, 6, 7, 2, 1, 9, 9, 6, 6, 6, 4, 4, 2]
[0, 0, 3, 1, 3, 5, 3, 9, 1, 6, 3, 0, 2, 8, 5, 7, 1, 6, 9, 1]
[2, 3, 5, 5, 6, 4, 6, 1, 6, 4, 6, 3, 0, 7, 5, 4, 1, 8, 0, 0]
[2, 7, 4, 2, 8, 1, 7, 0, 1, 6, 6, 0, 9, 5, 0, 9, 0, 7, 6, 1]
[5, 9, 8, 5, 3, 9, 6, 7, 4, 7, 9, 0, 2, 7, 9, 5, 4, 1, 9, 8]
[3, 9, 9, 3, 6, 3, 8, 8, 8, 0, 1, 4, 5, 1, 9, 9, 6, 5, 4, 0]
[2, 2, 2, 5, 1, 2, 7, 2, 3, 1, 0, 2, 7, 3, 3, 3, 9, 2, 5, 6]
[5, 0, 2, 9, 6, 9, 9, 5, 6, 9, 8, 4, 1, 0, 2, 7, 8, 5, 3, 7]
[2, 6, 2, 7, 8, 0, 5, 0, 0, 4, 1, 9, 2, 7, 1, 5, 6, 1, 4, 3]
[5, 8, 7, 9, 8, 8, 4, 8, 8, 3, 0, 8, 9, 4, 9, 1, 4, 9, 6, 1]

B = randMatrix(20, 30)
[7, 0, 1, 0, 2, 1, 9, 7, 8, 2, 7, 6, 3, 0, 1, 8, 9, 4, 0, 7, 9, 8, 2, 3, 0, 9, 1, 3, 3, 7]
[7, 9, 9, 1, 2, 2, 7, 3, 6, 3, 9, 4, 6, 3, 3, 4, 9, 0, 1, 7, 9, 2, 8, 7, 4, 9, 1, 3, 4, 0]
[4, 6, 8, 5, 5, 1, 7, 8, 4, 6, 2, 7, 1, 5, 8, 5, 5, 9, 5, 3, 9, 2, 7, 3, 9, 5, 4, 4, 0, 9]
[4, 4, 1, 0, 7, 4, 5, 2, 2, 9, 8, 8, 5, 2, 8, 1, 2, 9, 9, 6, 2, 1, 5, 1, 2, 4, 8, 1, 8, 9]
[3, 0, 9, 1, 3, 5, 0, 5, 6, 8, 2, 9, 9, 3, 1, 7, 5, 6, 4, 7, 1, 6, 9, 1, 3, 1, 7, 0, 9, 2]
[1, 4, 2, 7, 1, 5, 3, 1, 3, 9, 8, 1, 4, 5, 1, 4, 9, 3, 2, 1, 0, 4, 1, 7, 3, 7, 1, 6, 7, 4]
[1, 1, 3, 8, 2, 5, 0, 6, 4, 0, 7, 8, 5, 6, 5, 6, 5, 9, 9, 6, 7, 6, 5, 6, 5, 6, 8, 5, 7, 7]
[7, 5, 0, 4, 4, 8, 6, 4, 2, 4, 7, 6, 1, 5, 7, 5, 3, 0, 0, 4, 1, 5, 3, 9, 1, 4, 4, 3, 9, 1]
[5, 9, 3, 6, 2, 3, 2, 5, 4, 6, 9, 6, 8, 1, 7, 0, 7, 1, 0, 5, 6, 6, 5, 7, 7, 4, 3, 5, 6, 7]
[0, 9, 8, 8, 5, 3, 2, 3, 5, 4, 0, 2, 6, 8, 1, 0, 8, 0, 4, 8, 3, 4, 0, 1, 7, 1, 8, 1, 0, 1]
[1, 3, 3, 9, 2, 9, 5, 9, 7, 0, 4, 9, 5, 6, 5, 3, 1, 6, 6, 6, 0, 5, 3, 7, 4, 4, 9, 6, 0, 9]
[1, 1, 3, 5, 0, 5, 7, 8, 2, 6, 0, 5, 4, 7, 5, 8, 1, 7, 8, 4, 2, 4, 8, 8, 2, 6, 2, 9, 5, 6]
[3, 7, 8, 8, 3, 4, 8, 6, 1, 3, 6, 5, 1, 0, 4, 6, 9, 4, 5, 9, 9, 3, 7, 1, 7, 1, 2, 0, 8, 2]
[9, 2, 5, 8, 3, 5, 9, 7, 1, 7, 9, 9, 0, 3, 3, 7, 9, 0, 9, 1, 8, 2, 6, 9, 6, 9, 0, 1, 2, 4]
[4, 7, 6, 6, 4, 3, 2, 3, 2, 7, 5, 5, 7, 3, 5, 9, 4, 5, 4, 6, 0, 9, 5, 8, 2, 2, 1, 9, 8, 6]
[2, 4, 0, 9, 9, 8, 5, 1, 5, 1, 4, 9, 3, 7, 4, 0, 5, 2, 8, 1, 1, 8, 0, 2, 4, 6, 3, 6, 5, 0]
[0, 7, 5, 7, 0, 5, 1, 6, 4, 4, 0, 4, 1, 8, 1, 9, 8, 5, 3, 4, 7, 5, 4, 5, 9, 4, 1, 7, 9, 7]
[8, 1, 8, 7, 6, 9, 5, 8, 5, 9, 7, 4, 7, 4, 4, 6, 8, 7, 7, 3, 0, 5, 6, 0, 8, 5, 3, 8, 5, 8]
[4, 3, 4, 5, 9, 7, 1, 1, 2, 8, 1, 5, 0, 7, 3, 8, 7, 2, 8, 6, 1, 0, 7, 7, 4, 6, 1, 4, 7, 6]
[0, 0, 7, 8, 4, 9, 3, 6, 4, 9, 6, 0, 2, 4, 2, 6, 3, 2, 8, 1, 3, 9, 3, 0, 2, 0, 0, 0, 2, 8]

P = product(A, B)
[360, 480, 474, 602, 393, 471, 431, 462, 334, 522, 543, 584, 370, 422, 420, 467, 628, 411, 545, 482, 448, 425, 466, 449, 512, 459, 354, 374, 542, 502]
[300, 295, 313, 469, 350, 432, 300, 309, 243, 405, 359, 427, 241, 368, 285, 365, 444, 229, 398, 306, 194, 320, 307, 377, 333, 347, 242, 300, 389, 315]
[304, 295, 365, 436, 277, 379, 322, 405, 311, 410, 422, 484, 373, 322, 324, 350, 437, 357, 409, 345, 270, 360, 370, 354, 369, 375, 315, 341, 365, 422]
[300, 321, 447, 486, 358, 430, 358, 397, 343, 361, 403, 514, 334, 353, 293, 371, 522, 330, 469, 428, 341, 347, 409, 295, 414, 379, 331, 272, 390, 342]
[411, 519, 538, 667, 449, 585, 489, 528, 456, 607, 617, 635, 428, 530, 452, 580, 685, 418, 564, 541, 445, 539, 507, 600, 494, 563, 385, 455, 557, 599]
[396, 481, 467, 534, 378, 471, 421, 473, 386, 488, 527, 611, 422, 430, 454, 519, 592, 435, 448, 488, 429, 493, 520, 506, 471, 491, 325, 473, 606, 480]
[201, 281, 310, 402, 241, 344, 257, 323, 222, 349, 335, 356, 209, 294, 256, 381, 409, 293, 375, 319, 317, 312, 325, 288, 328, 290, 192, 259, 411, 373]
[269, 400, 416, 616, 380, 575, 363, 495, 439, 536, 503, 572, 453, 512, 392, 464, 568, 468, 538, 486, 322, 537, 399, 429, 453, 445, 449, 437, 559, 581]
[238, 257, 360, 366, 261, 355, 315, 360, 272, 390, 312, 451, 284, 348, 261, 398, 406, 325, 448, 354, 311, 305, 401, 323, 317, 360, 260, 267, 394, 349]
[492, 526, 583, 579, 423, 544, 534, 568, 414, 706, 643, 654, 505, 453, 505, 639, 721, 516, 540, 602, 466, 513, 643, 565, 525, 557, 372, 498, 717, 602]


----------------------


product(randMatrix(3,3), randMatrix(3,3))
[0, 2, 4]
[3, 9, 6]
[2, 4, 7]

[0, 2, 4]
[3, 9, 6]
[2, 4, 7]

[14, 34, 40]
[39, 111, 108]
[26, 68, 81]
